XGBoost regressor score:  0.11485800643584232
R: 0.38233949936281675
p: 2.3111283057308577e-08
MSE: 6.1255676191280575
