XGBoost regressor score:  0.2623780355641653
R: 0.5277754583365031
p: 9.72199742065183e-16
MSE: 5.104664848531191
