XGBoost regressor score:  0.15929000490093748
R: 0.4152627484120546
p: 9.701908839782147e-10
MSE: 5.8180788624880115
