XGBoost regressor score:  0.2989460918303083
R: 0.5534658431732647
p: 1.9039893000021674e-17
MSE: 4.851597992606337
