XGBoost regressor score:  0.060270805823282037
R: 0.3785113561056882
p: 3.268509897896574e-08
MSE: 6.503334791991165
