XGBoost regressor score:  -0.03182889638783171
R: 0.18975106148284368
p: 0.007120428545989372
MSE: 7.140704793299145
