XGBoost regressor score:  0.18393175231219894
R: 0.45074359479381065
p: 2.1193589345319944e-11
MSE: 5.647547251606741
