XGBoost regressor score:  0.23563511575683405
R: 0.49343001658437363
p: 1.140082212225886e-13
MSE: 5.289737486372153
