XGBoost regressor score:  0.17187330664390554
R: 0.43846616636413227
p: 8.369767740792831e-11
MSE: 5.7309969408766905
