XGBoost regressor score:  0.1605770419496504
R: 0.42748761455777035
p: 2.7307183174205644e-10
MSE: 5.809172006268855
