XGBoost regressor score:  0.11082225574448246
R: 0.3646247141324971
p: 1.107531543408236e-07
MSE: 6.153496769404075
