XGBoost regressor score:  0.27426239426512555
R: 0.527626453148083
p: 9.936762977845799e-16
MSE: 5.022419916800439
