XGBoost regressor score:  0.1514146414784835
R: 0.4188662806053518
p: 6.711964083023846e-10
MSE: 5.872579803037899
