XGBoost regressor score:  0.2222083016262152
R: 0.4792140127203018
p: 7.044742975927724e-13
MSE: 5.38265688062142
