XGBoost regressor score:  0.19836863503926316
R: 0.4542492212735863
p: 1.4173076392501643e-11
MSE: 5.547637743305184
