XGBoost regressor score:  0.31421517402746113
R: 0.566126090672007
p: 2.4126406382207023e-18
MSE: 4.745929301977318
