XGBoost regressor score:  0.17888454881491256
R: 0.44568099316828735
p: 3.758939504302337e-11
MSE: 5.682476095266768
