XGBoost regressor score:  0.15330506225750973
R: 0.4299953224843536
p: 2.0921176039639643e-10
MSE: 5.859497268941984
