XGBoost regressor score:  0.162803094735941
R: 0.4214391179410458
p: 5.14570339325646e-10
MSE: 5.793766752687715
