XGBoost regressor score:  0.21642370789536924
R: 0.47895982385566827
p: 7.272397246371206e-13
MSE: 5.4226887854515144
