XGBoost regressor score:  0.14929794619392112
R: 0.40257784504801974
p: 3.4296078157052e-09
MSE: 5.8872282551381865
